(17, 179, 41)
(49, 103, 83)
(81, 72, 97)
(103, 67, 112)
(125, 18, 125)
(126, 100, 138)
(127, 192, 166)
(63, 79, 194)
(35, 98, 84)
(98, 164, 168)
(162, 154, 160)
(206, 180, 152)
(251, 100, 169)
(253, 191, 185)
(255, 133, 147)
(127, 127, 109)
(98, 51, 126)
(110, 163, 253)
(121, 200, 223)
(136, 104, 193)
(151, 14, 213)
(162, 89, 233)
(174, 22, 129)
(87, 95, 25)
(162, 95, 70)
(121, 237, 140)
(81, 164, 151)
(66, 22, 162)
(52, 80, 198)
(72, 130, 234)
(93, 127, 166)
(46, 232, 98)
(151, 92, 14)
(119, 136, 28)
(87, 197, 79)
(105, 133, 131)
(123, 155, 183)
(105, 120, 236)
(87, 127, 203)
(43, 141, 171)
(141, 84, 25)
(117, 19, 50)
(93, 108, 71)
(144, 158, 92)
(195, 110, 128)
(138, 71, 164)
(81, 157, 159)
(40, 207, 154)
(160, 226, 36)
(143, 134, 73)
(127, 61, 63)
(129, 128, 54)
(131, 57, 73)
(147, 144, 93)
(164, 226, 115)
(82, 117, 137)
(179, 114, 18)
(170, 233, 36)
(162, 133, 31)
(115, 238, 27)
(68, 130, 36)
(157, 225, 46)
(247, 121, 57)
(123, 35, 68)
